340
225
181
179
174
188
175
153
144
85
111
119
178
118
87
120
84
221
74
78
471
117
190
127
115
92
108
109
103
91
97
150
107
370
80
83
84
123
103
103
105
114
111
417
83
116
105
105
77
106
253
134
239
111
119
111
111
109
78
117
82
105
129
84
120
74
81
82
80
124
105
146
84
398
234
121
114
118
112
110
113
155
86
162
222
119
115
114
102
103
111
138
91
87
182
117
81
109
81
115
114
83
120
112
85
81
81
80
82
81
84
123
114
127
273
119
84
80
112
117
82
129
90
111
79
113
115
118
80
103
118
170
123
225
116
122
85
114
89
78
81
290
233
86
117
84
82
81
115
81
150
92
88
132
81
113
83
77
109
81
186
124
87
135
82
106
80
81
76
78
259
92
178
83
124
98
79
106
82
109
100
78
98
512
113
116
79
80
116
110
114
165
128
119
114
107
115
112
109
89
85
106
168
449
91
120
485
85
84
115
113
113
198
113
110
84
85
80
117
92
170
180
121
80
82
110
107
102
98
87
84
570
79
78
83
80
82
81
86
83
112
468
82
101
116
103
77
82
89
126
172
90
107
83
90
88
115
147
104
126
83
81
113
109
99
109
108
282
115
106
379
87
77
85
114
76
74
136
130
197
117
84
123
107
109
105
151
113
111
190
112
102
109
107
107
106
266
135
96
200
108
111
109
79
82
114
76
91
114
85
83
125
79
119
110
79
83
88
155
206
109
78
108
79
79
77
81
119
84
113
120
110
102
113
110
88
99
91
115
134
74
76
111
104
106
95
85
309
116
119
108
79
98
111
110
99
131
120
583
110
109
100
118
75
81
127
147
131
119
111
110
111
112
110
102
81
86
512
74
79
83
81
78
81
159
84
110
86
83
115
83
77
81
123
126
87
96
592
76
81
128
110
134
138
84
491
106
114
116
78
90
85
84
251
212
96
111
114
107
100
78
116
97
83
210
113
114
80
106
114
108
104
115
128
177
116
104
83
105
107
109
121
131
128
541
105
83
103
102
82
115
97
112
186
119
102
113
113
76
111
124
128
119
466
73
79
103
115
114
82
124
186
135
94
105
84
96
108
104
135
131
116
128
106
113
79
85
82
82
92
129
195
98
107
77
119
117
80
134
84
87
407
73
80
118
120
104
73
154
115
90
132
118
83
73
82
129
108
122
87
84
489
118
110
82
79
78
81
265
86
558
135
125
74
85
81
109
119
113
85
104
86
91
78
78
119
83
72
92
83
117
468
81
114
83
121
105
114
271
195
84
128
115
116
116
116
113
114
228
97
138
204
81
81
89
105
78
114
172
102
116
289
83
110
104
80
114
117
87
131
188
139
96
87
109
121
199
84
95
94
81
74
75
75
79
82
109
118
128
94
129
106
116
110
115
88
125
88
120
127
89
114
115
115
79
114
157
103
113
135
104
110
102
81
108
111
132
110
168
123
109
113
112
79
105
136
148
110
132
107
104
77
105
113
174
104
130
158
84
78
83
80
85
82
126
114
108
193
77
109
103
76
90
99
88
181
206
115
76
81
114
114
82
115
82
125
101
116
124
79
112
78
110
223
119
109
330
100
83
83
82
82
84
87
87
82
84
82
77
122
101
108
86
154
137
226
122
107
115
78
84
81
109
134
108
247
115
109
113
113
110
77
88
217
107
128
112
117
79
109
80
122
88
105
112
91
106
111
84
81
120
143
82
80
469
110
78
114
113
109
91
114
134
162
85
107
82
92
84
81
96
135
115
190
77
127
119
73
107
75
222
131
119
130
73
78
84
76
85
157
145
133
163
81
116
468
107
114
211
118
189
88
103
111
118
88
116
111
231
161
116
428
83
112
114
110
106
112
117
90
151
85
77
77
110
113
82
89
81
116
502
77
109
79
106
78
81
95
93
78
88
76
82
77
77
79
86
107
76
132
468
113
109
120
77
84
115
82
230
205
117
108
129
75
107
116
106
175
83
211
82
103
80
80
111
117
148
129
233
113
82
122
77
84
112
103
98
83
325
107
102
111
113
83
116
103
82
203
128
111
77
111
113
75
139
137
111
386
109
108
102
115
113
166
138
81
95
117
115
81
105
108
193
85
127
202
108
117
82
106
115
117
228
107
80
240
80
113
73
80
111
117
91
107
168
119
115
106
110
108
112
253
115
82
122
115
82
118
108
119
103
87
89
111
83
102
115
99
114
81
175
144
80
130
115
83
77
103
110
83
136
153
108
180
82
109
81
133
125
163
103
302
76
170
128
80
106
103
86
132
