303
416
358
336
258
224
420
322
677
282
245
290
244
226
286
277
273
294
325
256
167
174
260
340
264
173
287
495
292
176
219
196
177
148
146
150
170
199
217
184
201
175
137
136
236
260
452
135
162
155
138
249
197
176
181
335
130
328
163
130
169
184
189
582
175
135
197
172
172
191
104
113
165
114
174
131
166
194
187
128
162
135
128
141
115
149
195
157
166
144
171
460
153
131
127
143
138
117
110
108
120
99
106
128
167
143
123
176
99
154
124
181
155
116
124
161
152
189
153
118
148
262
175
162
189
141
146
170
167
160
150
162
218
152
179
167
147
121
151
150
152
134
149
188
161
100
150
153
199
151
124
164
139
159
150
172
136
143
159
122
149
283
100
96
155
150
187
207
173
166
152
138
156
98
143
118
117
106
115
110
95
103
98
103
145
111
125
112
147
103
104
94
140
196
99
135
143
206
812
315
314
226
331
273
506
510
336
311
245
297
298
311
259
202
173
228
349
247
235
209
190
176
217
144
136
262
222
146
143
130
185
161
130
143
133
174
167
159
158
225
499
148
124
170
189
220
244
201
225
171
134
189
182
116
115
123
171
218
194
174
171
208
171
123
168
193
127
170
197
173
167
159
132
210
321
149
105
182
180
185
201
200
108
158
162
166
149
193
130
175
120
101
109
110
120
169
129
117
111
160
152
182
175
174
114
161
107
147
110
305
130
246
127
131
229
501
337
292
522
277
217
282
311
257
173
171
195
298
256
282
558
219
167
198
191
136
149
132
170
189
132
202
275
302
198
200
182
262
470
181
159
164
179
206
194
114
180
166
169
123
143
140
240
196
178
570
208
205
215
167
218
246
165
170
118
157
186
124
183
164
167
153
168
152
136
171
124
139
170
135
181
130
150
194
185
156
112
140
168
418
150
101
157
103
149
132
112
157
105
162
159
159
112
160
182
122
93
142
159
169
145
130
161
391
150
149
149
122
134
156
153
450
152
207
271
370
282
325
293
289
279
299
306
253
276
347
253
247
319
398
169
167
144
131
147
184
475
150
192
162
246
216
126
152
183
123
188
163
513
175
173
182
120
155
135
488
122
131
111
132
217
164
151
181
204
165
160
201
114
180
164
108
160
108
158
188
120
162
127
160
163
129
227
170
186
162
148
98
190
108
144
362
225
132
135
147
135
236
218
180
149
147
151
126
181
411
185
167
124
148
164
144
134
117
142
99
101
100
146
161
180
130
164
167
146
99
161
163
155
160
182
101
140
153
107
164
136
129
108
423
216
318
384
272
379
256
292
319
344
195
238
224
246
230
226
187
182
236
214
244
292
259
183
211
171
242
328
331
248
181
226
427
152
128
225
181
153
375
152
186
169
207
184
141
170
170
174
177
164
163
162
561
172
118
178
167
144
185
144
152
147
127
129
421
200
208
168
108
114
101
149
136
146
136
129
126
128
129
139
134
117
129
126
158
169
134
114
400
128
98
158
152
119
186
101
159
145
154
102
95
169
124
187
177
91
157
155
130
141
111
146
163
99
159
154
99
119
98
256
193
148
122
109
145
101
374
152
98
105
145
150
170
319
161
130
128
114
123
152
121
142
152
159
163
137
149
143
140
135
116
154
145
139
194
132
114
108
109
147
151
185
111
140
126
93
161
149
151
107
205
130
130
103
91
148
94
108
163
150
264
106
96
126
148
151
170
170
95
153
111
141
105
153
131
219
259
282
250
269
355
272
254
266
424
292
203
207
229
237
232
293
404
298
226
201
224
229
231
144
192
216
278
305
267
206
188
225
175
191
175
204
121
183
222
177
256
124
262
147
208
244
280
162
113
153
196
257
173
202
169
140
196
474
153
184
129
177
241
290
193
104
162
174
166
172
163
147
166
129
155
164
240
140
140
150
201
165
181
155
186
166
190
158
163
169
167
452
227
134
149
105
120
192
128
178
181
144
198
165
154
101
116
183
152
376
153
155
156
169
154
168
201
126
103
95
132
102
191
147
118
106
102
146
143
155
96
142
155
112
143
152
161
177
174
126
153
102
107
91
100
115
99
107
116
177
122
143
148
181
96
156
160
153
150
147
98
99
118
157
137
147
98
108
143
152
133
157
96
154
238
112
105
152
131
169
148
205
166
95
113
92
101
85
95
105
151
184
300
84
130
154
185
177
94
183
314
227
244
383
208
287
220
285
318
256
184
322
260
197
200
218
215
165
218
215
220
147
240
285
419
250
267
299
155
118
123
136
153
203
229
162
228
231
159
157
174
172
176
210
125
