9264560
11399583
8994644
4117448
4098126
4389922
5220720
3943542
2425330
4571428
8590152
3492215
2511826
8232313
3700395
4740160
2227437
5805859
2274226
2186275
3485325
2405178
2294902
6802043
2242553
2200291
2192176
2302121
2238666
2241225
3693055
2452104
2797035
4512657
2327356
2254796
2270968
2189762
2299547
2279220
2272385
2458450
3410602
3799798
2353409
2258383
2210611
2229971
2211476
2224797
2203901
3374455
3319968
2303744
4242918
2176274
2236607
2260482
2168641
2206800
2279094
4079636
2755560
2254319
6579139
2197496
2205928
2199515
2169925
2168500
2210465
2273439
3312306
2945263
2225502
4968920
2263839
2215637
2187389
2291073
2310054
2234570
2931849
2835159
2325602
4927234
2235233
2261888
2184277
2307700
2250305
2184501
2909586
3383927
2180076
4276402
2226447
2217604
2215525
2261246
2186597
2217598
4540620
2722028
2329931
6394039
2210025
2239878
2245005
2319425
2230127
2255069
3009548
3247711
2666788
2392825
2295509
2266752
2202241
2213163
2180564
2164701
5108571
2388981
2259178
7088894
2262228
2215565
2313312
2274470
2215137
2210992
3232634
3250035
2319560
4295984
2316091
2198033
2248143
2338126
2205455
3457422
2725805
2744952
4158869
2283091
2185084
2206513
2198696
2248697
2290499
3173247
3435627
2233603
4139079
2211247
2200244
2209928
2292329
2213578
3511305
2721381
3017557
4029032
2257679
2221216
2196934
2176660
2209500
2187586
2176316
3014336
2910873
2246331
4634986
2246585
2234812
2262458
2207704
2867268
2281542
2486891
3419428
3327855
2282195
2305498
2239037
2279892
2256406
2227316
3825177
2937453
2218337
4732698
2227024
2210264
2201292
2221740
2241750
2264518
2372243
3368151
9836252
5176516
4225166
2262889
3382349
2367129
2249145
2275778
5093781
2554853
5685673
2367700
2262593
2196106
2246596
2254959
2222166
3696014
2473815
2311207
4971634
2313648
2220011
2223361
2262634
2236034
2288498
2768365
3420963
3591080
2340675
2262173
2213640
2218680
2187528
2218122
2256525
2237311
3342803
3610625
2393576
2362688
2315769
2262842
2249330
2254676
3764871
2782213
2193747
5602229
2266911
2200117
2205014
2188730
2181823
2164631
3283612
3398482
2178548
4003743
2182346
2252930
2120006
2214254
2306526
3231573
2379640
2348343
4817068
2304728
2188824
2218358
2288840
2262303
2240289
4287881
2417252
2259386
5063378
2131340
2197520
2247298
2206113
2235312
2313795
2730440
3344179
4078496
2287148
2186037
2282988
2218052
2250361
2257222
2165686
2666966
3465982
2217012
4221147
2206360
2322689
2254535
2313690
2276807
2165967
4034636
2754054
2336005
6730677
2248618
2287305
2253551
2306663
2219218
2316845
3868241
2436113
2227475
5603689
2196316
2113634
2213366
2210863
2217759
2236537
4032727
2717880
2269732
6492589
2253041
2181796
2277770
2278000
2194289
2385241
2441489
3505200
4190092
2363230
2198143
2300906
2277258
2281904
2257189
3799105
2955713
2288999
4644069
2187111
2306075
2222462
2265599
2204533
2232271
2802327
3447937
3422134
2388357
2351860
2216687
2298002
2258939
2274851
3797752
2815668
2289206
6126006
2272068
2208246
2201337
2192011
2282997
2185928
2742959
3270132
2345646
2409103
2297072
2213429
2280224
2258223
2243320
2184447
2670760
3164474
2266478
4170178
2238576
2172958
2244060
2273155
2197890
2299134
2855315
3345129
6027822
2296860
2312773
6892026
2296765
2279017
2790725
2367384
5750000
2240021
2313937
2215651
2257726
2275671
2239234
3627132
3153570
2175984
5046704
2343220
2263863
2213500
2206247
2237589
2313649
4573484
2428657
2339974
5698044
2362168
2310937
2289478
2319509
2269195
2213699
3763807
2426531
2321722
5961239
2206659
2207263
2222937
2226074
2171954
2231063
2828516
3243627
3747580
2372249
2237498
2301112
2282239
2236800
2244001
4317625
2358056
2330174
5124954
2263990
2185138
2229585
2204975
2246564
2256274
2822664
3323303
3939429
2362095
2228200
2242395
2244583
2313536
2328453
3796006
2882783
2316598
4589915
2204834
2300710
2183673
2274893
2176643
2265118
2810355
3232787
4366463
2296955
2334601
2268546
2262154
2291032
2253080
3681240
2770262
2257711
6725429
2174631
2174980
2190308
2252351
2220180
2205665
2774227
3495643
2616345
2400893
2242997
2344239
2179579
2163738
2187596
2207082
2471199
3301737
2276116
4174328
2186156
2262589
2173292
2223957
2237193
2284349
2763170
3332291
2808531
2298343
2160704
2225773
2268620
2207191
2208765
2173382
3438145
3003749
2238462
4574660
2209750
2280709
2310717
2321814
2261239
2188159
4577630
2086497
2322396
6461559
2170107
2251795
2182369
2296677
2234229
2177671
2334288
3294762
3906568
2320298
2173653
2272026
2208094
2247008
2184398
3281279
2736017
2711674
3942137
2344685
2192629
2300392
2326540
2271785
2290373
2195125
3318194
2712625
2447798
5030200
2229461
3719358
2195201
2164320
2325195
2285112
2773503
3381266
4059064
2343707
2237535
2361017
2235420
2245539
2215554
3864356
2839583
2249462
4884358
2355901
2318387
2344210
2398252
2216229
9003358
2798916
5112602
2385432
2169321
2144798
2262354
2228794
2159513
2244444
3240340
2249308
2377290
5398659
2298797
2248153
2236698
2312759
2279199
2263655
2869089
3331868
2155153
4133895
2179034
2273957
2266313
2269040
2218224
2293640
2742964
3510902
4163527
2310070
2205767
2289212
2282778
2294627
2186598
4298257
2392330
2271996
6331389
2240809
2234230
2219022
2233022
2281594
2277178
2435601
2698588
5207416
2331081
2225333
2306014
2241044
2334305
2303095
3140671
3163923
2206904
4130192
2241560
2321927
2208928
2263568
2207225
2259029
2430909
3486706
4027527
2397799
2234292
2210780
2230017
2216864
2331271
3805818
2184034
2292538
5112241
2186076
2266576
2266842
2183928
2182503
2196739
2910495
3088162
2174460
3754060
2303105
2268806
2313027
2257084
2272912
3395819
2790907
2424651
4216086
2243423
2191106
2252154
2276015
2194201
2199879
4260179
2719974
2254934
6525949
2165244
2162469
2272323
2263993
2184561
2217695
3690680
2387842
2343291
5174204
2222944
2222035
2345393
2226753
2205521
2279717
2451288
3209051
4100180
2274152
2254636
2236975
2173748
2257389
2179832
3712033
2743914
2217021
4507408
2300022
2341112
2212392
2316425
2219482
2346346
2891773
3243639
2165978
4160487
2305029
2195926
2171259
2195625
2205190
3480250
2401247
2414071
5077588
2202546
2285750
2266439
2202172
2217690
2205873
3693811
2708939
2413340
6398067
2304149
2257757
2295747
2205843
2242396
2295175
2865148
3424529
4311227
2280571
2212139
2315434
2354478
2307757
2243449
3533411
2802461
2670373
4777096
2219795
2203122
2310835
2178856
2184648
2201282
3568004
3396371
2211157
3737782
2191839
2621415
2302725
2259105
3856580
2627016
2263836
5886407
2323316
2253894
2267769
2237666
2191598
2180133
3182584
2417541
3000809
4412762
2351714
2283859
2255402
2188214
2260334
2161176
2997341
3041501
2258732
4044029
2176820
2193563
2295210
2242267
2292269
2275465
2273468
3302551
3837022
2365597
2143858
2224242
2156440
2317086
2219273
4362845
2814870
2242508
6335551
2197846
2174666
2256259
2259213
2201590
2164110
2162228
2441247
3453106
3843038
2411911
2275564
2227837
2335549
2319372
2251029
4048525
2895107
2219010
5138263
2224914
2173880
2223563
2253396
2254422
2216952
2428475
2713229
4347202
2317924
2198496
2335643
2243240
2282719
2226590
4223261
2381172
2257803
6093154
2253170
2248763
2230446
2194823
2252760
2222654
2742336
3439903
3780050
2266283
2242965
2237761
2231908
2177312
2256231
4099692
2407409
2240905
6071140
2194984
2252787
2208148
2270779
2254480
2331059
2438983
3188586
4318979
2314798
2240111
2258358
2262765
2297481
2181077
3317464
2298901
6647492
2234702
2217292
2208177
2328575
2186039
2225373
3238030
3154450
2332874
3567909
2169047
2211572
2196296
2243812
2201792
3269734
2775272
2434823
4969329
2286116
2122371
2303731
2200588
2300786
2177420
4295594
2397650
2298730
6481715
2402881
2206741
2321042
2197243
2241879
3401892
2408405
2327991
6529197
2312626
2252421
2256106
2225928
2237103
2284043
2968849
3056307
2292865
4217994
2254136
2241040
2225685
2302860
2164254
2376729
2426790
2821754
3968175
2390734
2203691
2353126
2151289
2263909
2205635
3431089
2682048
3240666
4107320
2244438
2272171
2276205
2907670
3163972
2243681
3252735
7247858
2233810
2312910
3969188
2370964
2270225
2207348
2238330
3779740
