8164290
5396292
3602717
3604176
3589830
5160200
3429159
3866527
5425277
2388584
5295349
2069849
4798059
2535298
5829000
1991560
1926928
4415553
1913043
1971684
3224975
3199185
2775511
2034329
1977786
1902206
1953588
1957360
1938825
1910617
2499872
2673045
2002683
4564455
1854742
1929562
1896114
1961931
1920584
1955472
4388681
2135595
1958551
4993013
1891102
1995700
2042954
1955794
1935277
1960186
3494981
2133412
2241166
4455801
1982023
1973447
1897048
1925148
1855525
1987584
1937506
2439092
3163229
1959032
2073417
1936949
1987111
1907469
1921552
1959440
1942362
3466644
2407004
2745994
3733981
2122527
2036128
1956737
1927474
1969529
2048416
4141208
2393095
3043833
4017421
1947055
1985539
1951128
2039420
1989890
1922627
3298684
2359390
2088051
4513155
2036968
1900441
1983553
1855518
1984291
1972451
1950437
2134713
3220120
2109177
2065773
1912763
1941331
1970235
1920531
1900086
3776448
2101025
2018953
6379069
1940740
1919934
1942893
1929396
1912372
1870817
2184819
2440014
3215567
2125527
1989047
1974241
2004900
1903858
1955306
1914434
2747433
2098542
2241132
4581873
1980998
1866040
1963180
1973818
1898972
1897007
2873345
2830185
1909478
4361579
2008933
1926437
1976197
2038750
1875966
3194025
2331529
2003531
4665356
1940705
1989126
2006956
1904081
1945763
1903446
2646729
2496508
1897531
4465959
1962161
1925806
1930309
1921500
1925213
1914207
3885847
2392792
3004002
4256771
2114659
1928082
1917767
1967750
1889225
2730382
3455431
2360352
1932246
5706684
1910825
2058018
1933336
1957202
2006966
2031101
2146088
2336462
4034429
2005025
2001124
2016273
2072954
1956823
1948192
4021876
2057879
3146007
2711460
5469890
1986035
1981476
6703376
1886515
1925279
1915932
3045699
2058284
4063513
1914418
1978094
1958387
1881519
1863147
1910152
1969141
3057019
4032784
2018319
1862627
1867486
2046865
1963799
1990053
3398721
2348624
1935744
5241888
1903768
1866728
1868174
1864033
1872154
1862401
3902625
1894756
1968159
4984211
1929659
1932276
1978600
1913288
1889862
1934117
2451031
3217264
2607502
1984217
1924785
1901197
1901487
1869473
1912730
3087416
2069819
2021985
4520786
1905685
2008193
2018860
1941912
2027985
1933102
2829099
3215925
1911976
3633150
1912394
1884400
1972799
1986363
1878971
1929326
2149620
3244904
3569777
2137293
1919473
1961380
1975687
1950140
1977803
4139347
2247038
1877567
4578715
1967357
1919561
1921504
2003669
1938589
1885413
4159860
2140094
2047263
4923391
1996993
1921124
1938698
1927487
1876534
1924558
1978159
2400024
3159784
1999886
2033231
1925209
1901725
1944254
1963540
1955239
1939649
1924393
2979236
3293287
1999502
1862383
1959615
1908446
1991921
1851777
1908281
2124513
2883647
2053565
2030294
2007478
2057073
1910520
2035563
1907935
3975659
2089640
1912238
4470963
1899066
1944465
1875605
1902216
1915076
1931257
2000631
2791144
4011383
2049413
2022787
1908206
1913974
1970669
2034089
3989315
2102740
1924554
5228676
1884974
1977478
1913159
1910943
1864203
1937524
2196050
2888155
2611525
2042473
1964419
1997482
2003745
2024601
1919917
4067061
2350658
2033951
6343696
1931560
1857523
1897418
1924288
1932281
2029892
3171603
2420961
2021808
4340191
1883969
2005542
1841944
1957144
1935666
1962920
3402448
2427280
3544137
2797145
2082426
2024017
2217105
1899137
3752510
3247448
1878443
3648749
1942829
1990608
2098399
1835952
1886107
2306080
2328082
2168134
4297020
2019573
1992709
1962120
1943799
1946993
1873532
1961592
2408976
3192280
3476454
1966764
2041279
1912035
1902135
1978116
2011221
1887923
2505586
2994686
3096114
2081963
2047166
1901260
1946216
2012734
1975510
3480949
2112880
1970866
5148628
2012077
1999829
1855296
1876250
1885134
1977116
2404594
3031301
3288522
2060478
1977098
1955396
1947163
1930896
1973860
3360208
2107331
1995053
4592204
1890710
1912380
1932909
1965155
2030520
1939401
2199997
2874704
3963690
2106320
2041491
2164206
1952413
1942099
1996128
3546555
2468337
2004050
4467465
1942688
1937904
1930445
1886843
1933745
1979715
2417011
3267069
2337266
2001416
1975206
1879813
1991377
1952196
1863288
3514505
2371914
1899725
6124157
1848299
1889337
1972202
1931451
1934024
1880108
3227092
2089849
1978785
4993076
1947968
1891782
1927461
1893684
2033346
1957419
4071667
2385619
2022708
6028671
2050828
1896827
1878943
1952953
1928202
1915287
3577960
1881003
2933436
4195315
1984959
1909640
1895639
1958695
1937377
1960605
1946034
1864787
3317096
1925642
2076093
1828112
1999009
2023899
1916034
1961055
3579853
2409388
1999518
4878777
1869773
1932849
1868014
1977164
1928232
1925767
2794331
2712067
1918870
4347051
1953554
1922370
2025236
2008762
1987939
2080184
3628574
2096443
2996232
3518508
1954747
2103889
2090481
1910032
1968961
2003819
3657531
2092896
1966794
4536576
1911212
1965391
1923142
1906598
1922884
1942180
1986237
2916612
3683053
2373622
2052345
1953935
1869842
2097467
2780947
2420762
5425937
2047837
1906966
1825239
1861940
2112140
1865141
1911423
1950745
2122912
3019868
1957199
3794060
1979242
1959757
1941912
1945585
2000633
3097718
1996296
1960325
4858377
1954099
1917484
1971332
1961359
1892421
1989653
3549676
2159532
1884938
4413999
1920040
1923656
1934936
1940340
1925083
2027721
2160514
3083082
2210442
2017461
1978407
1928121
1936041
1928903
1915096
4139238
2947875
1940991
3457651
2014641
1930233
1940253
1975316
1993470
3115753
2425857
2093638
4574682
1960378
1927107
1934153
1924463
1962422
1898360
3487011
2423915
1961037
4473820
1879142
1939476
1850445
1839910
1873510
1988984
2407827
3077432
3554396
2019009
1861652
1942363
1917620
1971002
1889872
2873748
1847380
2076984
5250315
1922990
2050887
1901368
1945567
1904485
1892699
2652246
3111923
1933157
4198491
1931975
1859046
1881889
1947667
1911582
1934530
2386461
3004513
1971070
1995889
1900356
1901930
1979110
1921695
1982683
1915827
2206853
3178863
3665472
1987451
1929303
1939510
1894567
1897182
1848273
4175111
2468197
1957599
4274621
2014136
1896670
1875020
2001630
1950814
1909864
1899920
2891935
4018429
2035479
1999445
2053035
1886819
1986924
1889420
3186784
2377727
2064945
4580383
1979776
1959521
1931645
1868241
1886202
1917699
2054324
2922976
1899431
3454521
1957556
1925133
1923966
2014829
2094134
2068482
2466648
3190531
2194526
1984778
1991034
1901508
1879028
1897076
1922454
4026704
2105583
2027231
4341349
1971276
2027863
1968237
1900595
1970255
1900305
2740156
2760593
2000797
3812873
1920182
1876587
1903070
1893742
1867636
2948942
2696474
2085025
5118156
1878411
1972850
6691252
2010960
1962847
2379918
3316383
3385190
1990110
1971391
1937956
2086124
1892567
1980864
1972748
2443388
2555227
2014993
4478002
1901960
1966680
1967556
1955779
1909921
2984655
2089118
2040640
4781230
1950963
1932320
1894054
1930943
1970335
1872465
3907693
1891926
1995970
4908204
1865142
1965723
1847165
1939955
1908818
1873116
2377147
3061052
2031151
1928198
1960434
1888169
1872710
1912625
1887222
1974954
4275203
1842553
1992519
4936901
2010774
1909372
1989822
1894463
1890769
1976684
2436917
2915680
3526094
2035082
1973263
1910422
1895403
1981663
2019642
4085474
2847204
1950539
4050128
2012048
1916247
1871983
1854409
2074561
2063402
2154289
3147697
2554954
1996565
2014650
2049957
1851251
1911360
1995286
4061765
2087080
1870078
4475035
1973705
1991352
1963119
1966310
1886119
1982774
2476112
3231694
2421460
2038383
1980807
2007793
1940054
1947286
1898964
4122933
2578834
1940529
4443905
2001026
1959150
1991700
1917828
1904143
3062725
5393868
2035911
2002278
1950402
1938413
1947454
1921194
1912302
2763756
2370806
2022553
5349297
2008316
1974020
1884368
2033108
1976189
1965586
2435926
3110922
1913572
3576735
1869576
1946286
1918376
1936895
1894678
1956351
2378249
3149524
2340549
2049564
1899305
1934917
1978084
1989493
1912343
2546526
3292248
1989800
2008960
2038776
1932511
2002211
2036732
2063182
3047933
1863701
2025338
4362556
1890056
1907511
2061095
1867785
2050195
1861541
3794025
2636835
2014397
4261568
1993594
1885625
1894058
1899582
1986389
1933503
2567246
2520794
1944286
4380718
1856914
1910702
2090814
2088382
2052009
3298268
2139760
3370955
1928041
5355434
1944072
1948726
1875930
1938878
1928849
2185646
