ctimes2	ctimes3	wtimes2	wtimes3
274	279	19300749	27049466
235	383	18752769	26514845
279	293	18771639	25269848
282	330	20450126	27187173
366	291	21609037	26481849
281	273	18922348	27006209
317	200	15750698	20129918
214	377	20264787	23228856
234	269	17424511	23939969
303	316	23320209	25004460
312	311	19369406	25636956
728	346	22761795	25615072
229	278	21739668	24710240
646	632	22672662	26075623
280	235	19086790	25548611
227	274	21759907	26282467
280	282	19037582	24224390
235	233	17390438	23306825
589	439	22982440	24968387
219	288	19325287	26593215
298	290	19046596	27398844
268	300	21435783	30598309
254	313	19620566	25390293
651	290	22793289	24827757
276	309	19332987	25051733
579	273	20394985	26585956
290	186	15904577	20912537
269	349	26867472	25322479
534	451	23947147	24801056
595	347	24336585	24227216
275	202	19783298	27264639
298	341	19218076	25764764
563	254	19469380	27560451
284	304	21852617	23722982
431	505	23178338	24374647
584	501	22067711	25853934
264	236	19606923	25574137
606	272	20008593	26933521
276	224	19166958	25623201
427	262	20139044	22300417
527	303	18413650	23481676
433	271	17648158	21729469
411	259	20526966	18038040
259	336	20845067	20274692
326	358	22840264	17978680
198	298	20370567	21527754
567	237	16959491	20667921
323	203	20470030	19401367
330	362	22187371	25039690
324	339	27257288	24086018
346	249	23882579	20146377
263	226	25566741	19828958
369	382	25745310	24618209
379	440	22794670	28787810
647	1174	22943645	35474743
321	652	24471940	28615214
370	439	25632862	25084699
229	333	20597632	27549616
272	395	34016330	31794874
394	893	29759751	35818527
272	331	20622245	27917154
302	425	26363030	24583154
403	712	22793173	26107642
221	246	20122365	25070289
318	364	20828572	29052979
218	336	21265984	32742092
242	279	20140057	27777022
297	598	23369719	25652620
274	300	19977939	25515774
256	280	20844699	26840683
281	294	20230665	26862711
268	233	16412516	21020300
353	440	25125589	21405258
270	269	25186783	20405606
232	334	25500519	21934292
287	236	25423204	20552324
228	238	25327808	20231610
333	676	23526420	23324172
386	404	23353861	24547270
677	780	22539641	26557125
264	325	20568111	27315129
275	329	18705733	26095801
682	355	18908735	26378971
287	311	20673383	26967801
270	353	19836241	25791958
558	280	21028224	27052712
272	295	18871933	25623170
268	482	20860212	26580412
187	178	15465091	18897508
209	286	20188924	25832836
262	254	18959038	26647971
279	289	19084020	25123416
341	406	22437030	25290624
373	524	21893553	25175783
179	183	15340605	19996587
319	332	22898796	25073814
405	607	22943016	27391364
380	388	23457632	24785531
548	682	22049348	25134904
552	658	22503684	26229626
277	178	17479920	19329830
313	494	22916387	24107217
566	445	22715226	19796457
291	676	24620800	23034010
598	318	26255602	25245378
336	446	23811383	24823617
282	488	24939415	23756037
323	331	20810011	26769990
338	293	21419621	29309199
278	319	19124709	24714268
613	297	20549294	26575898
281	298	19315161	28067701
274	303	19818741	26532413
240	275	22261666	26657355
269	329	19504627	30331284
266	229	20773531	27925036
238	313	20382273	24418238
535	255	21517354	25906966
271	281	19420908	24080677
594	553	22178580	26255467
234	282	20204338	25225935
656	285	21015078	27058218
276	281	19967876	26045542
277	224	20683170	26406798
252	409	21288808	24068232
532	185	16966608	20772491
311	240	25126328	21307022
409	652	24705241	22400861
345	372	23908233	23660452
347	679	21745107	24883430
249	250	15977848	18947168
338	592	24459405	24082816
396	594	23457508	25981992
459	321	19436240	25811569
491	300	19363668	26632340
234	272	19397884	27225278
274	293	19287178	24408079
643	771	21968132	26432975
256	268	18993570	24166593
576	729	22473756	26779367
602	428	24624865	25844843
276	421	20968131	26752238
327	290	19151121	26125845
298	307	19361308	26753222
290	229	19266377	26580727
347	340	19827693	25381511
610	325	25011540	25596874
787	546	23967813	29890894
229	320	19583773	23580016
631	489	21546827	26556624
290	268	18989353	26848446
266	308	19090450	26637437
283	340	21583420	30702523
384	689	24447959	27204828
676	226	19628209	23441180
277	606	23899564	25859104
295	274	20696130	26606913
284	412	19092202	28567409
360	746	23978816	27777759
274	242	21802902	28230256
319	280	15871249	23189018
520	291	22929656	18728430
356	301	21903543	24833192
646	480	21583389	24742520
187	175	16068368	19916256
233	464	24743060	22847812
480	327	23574524	24050431
306	486	22454465	25764045
213	222	19073169	26790425
259	242	20103284	25927996
216	265	17295378	24896943
584	362	22177757	27147278
284	273	21421989	26256114
222	218	19082191	29649799
283	311	20034469	26562885
331	286	18699008	23923033
222	297	17755758	21580111
629	309	24774670	20315747
320	299	25542275	21018162
337	310	26145211	23396091
370	274	22770235	16738078
187	288	19284554	25892535
267	241	19484939	27818446
264	256	19450235	26482131
288	291	19155065	25609246
553	271	20258708	26426890
284	333	19217134	24275610
604	616	23502262	28326636
559	360	19771861	26038389
247	302	20417385	26240454
709	293	17070666	25003535
699	478	22400578	25483947
293	261	19144556	28426123
302	371	19551952	26021013
338	244	18849805	26185672
320	351	19457360	24204299
360	337	21685862	26455872
221	348	20169805	27493107
300	359	19386144	24533078
561	342	20229774	25690601
236	343	20583264	25204803
549	335	20483798	24112930
199	332	16969192	21723911
816	331	24858092	20438080
335	363	27207524	23574129
473	325	24846240	20513913
313	393	25367690	20885432
303	226	25383836	20554512
253	628	21716738	20732040
319	611	22751399	18416035
184	415	18980895	23582550
564	306	18077128	27295786
331	287	21026224	28245173
259	336	19452451	26177104
443	244	19861264	26067827
307	269	18335106	23493730
587	737	22018393	25764886
232	259	21254991	27131021
273	209	17492886	25323470
248	198	17068471	21786333
496	452	23276096	24561366
338	468	22613340	24152242
248	354	17222856	26265778
338	667	23152087	26280521
280	263	19272983	29023354
301	341	19305579	28385951
271	279	19190273	27980723
325	551	20081453	24773934
248	390	22354461	24110817
357	312	24227332	25691374
262	339	19002619	25845140
599	454	19726648	23778975
557	352	16641395	20811095
681	247	25347248	21555764
282	240	24920130	21467980
315	339	26070233	21265271
314	325	25233843	19371694
241	527	22807232	22426413
612	311	25943310	22913662
329	359	25978979	21030078
278	286	25602837	20951591
325	247	26718597	20558577
255	362	28740796	22747547
273	323	23848024	21443148
301	385	28680207	26212708
499	454	26614034	26876767
692	767	21851931	27320793
588	397	24424489	26314060
284	597	24719332	26766065
499	282	21865665	28913903
320	473	24624296	24999338
625	604	23614604	32775039
336	755	26813935	25748510
429	578	22772844	32750105
327	277	20538509	29676859
271	302	19742112	27008328
731	267	20816019	32891446
321	301	20553341	26886406
241	243	24890270	34870857
259	378	21834920	35135185
389	764	28836292	30673433
319	303	18300077	24036826
602	263	29012444	18959728
210	194	16635633	16598129
161	214	15704367	16832934
170	254	16888727	18872302
291	403	20658228	20041372
352	532	22437322	23737526
435	625	25431604	26871378
442	607	23108043	26407804
271	302	18707817	25704779
326	455	24804873	24150604
333	331	20559598	22557171
615	289	19338127	23394932
491	211	16945008	17966967
263	166	16533227	18029247
196	364	18037594	22710799
516	267	17628555	21217168
534	245	21389049	17839667
233	336	18522838	27970566
270	270	19160795	24656819
597	290	20240955	27151139
281	403	18954892	26750886
340	331	19150319	27360647
374	309	19003691	28163644
219	261	18920425	24463518
671	319	20111695	26284141
223	332	19808575	26622484
680	752	23359898	27053998
272	490	22092997	31898115
283	223	20067699	27722106
357	414	17984229	21397557
551	174	16535263	18761721
295	649	20158494	23761262
364	253	16063598	20922860
568	284	24877913	21471459
276	400	23591820	22879628
427	401	23053344	25141145
246	382	19741268	27385774
267	345	22370607	26355570
278	273	18880750	24902849
578	575	20961520	26706931
244	239	15729960	21490891
312	696	24759980	23091205
715	319	23813532	23744525
289	369	22958024	24596277
619	570	21389895	27249359
282	238	19294992	29512974
253	802	24344142	28991594
522	404	20208558	28018068
232	345	18873956	26773791
341	244	19116182	26353567
304	233	20054560	28641129
299	332	21514073	25284724
656	260	24740898	20713750
284	266	24659171	20505004
288	242	25014236	20788090
404	643	24579912	22270874
451	245	24750031	20225217
392	587	25846303	25974430
494	340	24755150	24118751
261	526	22185124	26977737
247	373	21729529	25887701
626	237	20238458	25830537
289	289	19374871	25859265
659	317	20465492	29446373
274	174	18475571	19651873
228	193	23644688	18816855
266	773	20603098	25904005
222	293	19180611	24156779
554	790	22734123	26547484
227	299	22275860	25664117
346	223	19313012	25213976
352	293	20983034	26404534
296	849	26625717	24352360
425	238	24188661	22601323
310	323	22741950	24277652
423	240	23959907	20673468
408	555	25985046	22146693
448	248	23960187	19853902
289	389	21266556	19475541
207	439	23566747	23884168
569	522	23204948	24432253
649	703	22478403	25393325
278	252	19061616	25695728
719	641	25475809	28419223
326	344	20370182	28327805
272	390	21728200	25621318
585	353	19952402	28279791
208	257	16628453	19762434
277	307	23840904	24249371
448	512	22918194	25691379
276	282	20014680	25801979
256	429	20907641	27745264
341	282	20899135	26623532
219	315	19285193	29738228
216	278	21886863	26138948
266	360	18931005	25324443
522	332	19972261	27118515
275	227	19085776	25730470
298	285	20564127	29274734
326	552	25506134	26167874
317	623	21432770	26192519
272	329	19371593	24743093
501	520	21196372	26248705
289	460	21070092	24886106
572	371	19030060	25343442
484	297	19005663	26443715
289	327	20650672	27444997
384	692	24630600	25910097
245	243	16086773	19861436
295	255	29325659	20828545
224	390	26982501	22313012
687	227	25376924	20249593
289	501	23886874	23282822
302	235	23608802	21413105
330	615	25012587	24834151
687	385	23122012	24071861
255	370	22794676	25469385
264	386	20318488	25804991
280	302	19460627	25497249
582	267	21359356	27962509
249	376	19667860	26554313
410	299	19731884	26187824
240	375	18756853	25825890
568	271	19842317	26130063
222	365	18828202	25744634
566	264	19974291	26928115
289	392	20756417	28081768
274	222	18869572	22384890
331	336	19115526	21737982
247	261	18722514	26904914
344	243	20621368	28153158
267	322	20031483	28590098
239	283	19629500	25761335
236	337	20990915	27082174
280	291	19016762	26243607
632	282	20260229	28227908
283	246	20294176	27496554
292	330	21776301	23758438
394	471	23470230	24609272
672	471	24859363	31594852
262	292	19383032	27116124
293	308	20333543	26777320
299	365	20485405	27860787
218	252	17754403	19075909
201	493	21506798	22023045
568	243	25344911	21471673
337	643	24774893	28704513
653	303	20134817	29486016
296	288	20033053	26459206
295	237	18110521	23423957
617	525	21970717	25563128
276	288	19442047	29078237
335	306	19635944	26364942
273	365	20079270	26141548
509	318	20175940	26269842
304	328	18991181	25547266
626	329	20292362	26500036
223	250	18993711	27642059
323	411	22847980	27579327
587	382	23684398	24675509
241	334	25076203	24742258
399	587	23200301	26437072
273	315	20126996	26929292
330	236	19283605	25781305
255	321	19238611	27372494
223	291	20972935	27223231
336	267	16156959	19804891
339	648	24630912	23031773
443	452	22891949	24784498
245	407	22809055	25516153
292	277	18979085	25291794
579	309	20963902	26407884
273	267	21947552	25994340
222	330	19851788	25363590
561	791	21607335	26374808
348	358	20764357	27397874
227	233	21370309	27917729
267	281	18875061	25326567
229	244	20703334	28068280
324	267	19729766	22523400
474	271	17564820	21609279
408	623	20646603	18475553
193	405	18421347	21383346
526	284	18118199	23206200
550	358	22056830	25345126
219	321	19670211	25163375
317	302	21318908	26288421
278	218	19663264	28117056
250	342	19638114	24624694
625	323	20126766	26341036
318	245	15833756	19854159
263	436	24102456	22975871
455	268	25485281	24604503
308	391	22678967	25559016
283	280	20111523	25531271
684	426	21455335	27761121
641	296	20082793	26342551
324	339	20293651	28229933
355	203	19319690	21530083
187	214	18123976	21971668
324	253	20851400	20419284
227	288	30048722	16895714
195	306	20036725	23011053
288	226	17213137	22180313
366	429	24071328	23683018
346	570	22621656	26908083
227	289	18876591	23059112
190	299	18074015	21365945
523	251	20525454	18344039
203	345	18971228	24893972
347	195	16255886	20400562
314	282	26235552	20719708
289	371	25467181	20796313
409	664	25098059	22905997
722	426	24052057	24003487
217	304	19480276	21949478
193	200	18829952	27021215
300	304	19380195	27174445
230	268	18889572	29003870
369	767	24210251	26997093
283	354	19482685	27229553
378	363	19968384	24262609
748	278	19799178	24990341
632	223	20481070	28602202
244	261	18944883	22520748
305	284	19159856	22190645
291	233	18354213	21117160
402	321	21405068	18699409
200	488	19594339	24842942
282	198	16157795	21686107
281	293	26272822	25718939
319	395	23004865	29620417
266	408	22111932	26718684
234	291	19572874	25038470
251	350	20446010	26944282
279	263	18404032	23804729
623	579	24984975	27179416
364	280	21248477	27426524
229	291	21381651	27474430
230	271	20346945	27378987
264	289	19684150	25269006
625	232	20282504	25998893
198	321	18014744	25592850
557	275	20423953	26557636
218	231	19518220	25948995
353	299	21306339	28209266
354	370	24559750	25212934
230	327	21218280	25914064
286	287	20098342	24872658
475	315	21194101	26501752
290	265	19036496	25469249
465	305	20574034	26972350
345	258	15749296	20076077
317	514	22809214	23873248
454	547	22696413	25663670
313	249	19103034	24886656
338	579	20513697	28131061
229	248	17423328	22223829
568	241	20388019	26086162
271	225	19177027	25087172
335	303	20681234	26331764
279	290	19045963	25228629
464	695	22627915	28895619
224	364	19201754	26446569
594	293	22237343	28858983
279	319	20029041	24167163
587	409	21724313	26287673
275	272	20451275	27976351
318	229	21026310	21554511
368	574	24942673	22908005
342	419	23792217	24855374
404	824	23611558	27491610
243	339	19084783	28091999
314	432	23623659	24480386
520	244	18402634	23584335
259	233	20284645	26665481
227	293	18630009	26936494
325	248	21129532	26977091
276	289	20300324	26899637
325	265	17023352	26019572
592	363	20300077	27148455
278	349	20064825	27871723
614	450	20574826	24576937
632	367	17035093	27327738
447	222	19211567	26705252
263	216	19378498	25236830
264	345	21157770	26372118
279	290	19152672	25762088
268	362	25220530	25138700
458	595	21974293	26584015
296	227	19328507	25921523
497	504	24699804	27748285
587	390	23990485	24815060
518	461	23603397	28668338
578	290	21948840	28551378
274	311	19610945	25500231
684	332	20393066	26564702
274	319	21810653	27705900
306	332	19193636	26178162
578	355	21247945	27082216
416	645	23919543	27160718
260	274	19947488	27493222
281	319	21899460	29784499
236	287	21786183	28404784
224	266	20327086	29035713
256	240	21371185	28184032
355	340	22053451	30287414
318	219	22137438	29060887
383	336	28585195	27598495
375	820	26785254	29030574
268	331	17979537	26570713
483	560	30432049	31918808
312	278	21475728	35234346
385	313	23672866	19928595
329	233	13753823	15641648
713	333	22015452	30504161
242	344	21566948	31115118
233	293	20409534	26279643
194	177	16036999	19012543
270	494	22004748	26340167
223	300	19215278	26326471
237	328	19822645	25575598
255	358	20091467	25496073
321	200	16747324	19618061
423	522	25599047	22790797
284	280	23330027	20987295
317	600	24771631	23468529
658	607	23597301	18623696
247	258	20373298	21735157
492	188	15933712	19482730
485	576	23500354	27151407
637	297	21290719	22387097
818	231	23671166	16520495
184	221	19749624	26361224
225	304	21801428	26068685
284	328	19901601	25243850
626	283	19839444	26472708
236	297	19000083	22088967
503	258	17516418	22348821
634	300	19731777	25792892
233	200	13640311	15415811
527	250	20323953	24393321
328	530	24303659	24363123
396	547	21569904	26653164
269	291	19491616	22248251
688	403	18932784	23609559
291	239	17679771	23355099
425	174	14951722	15965382
273	209	20193216	25521570
425	226	20616536	27161722
259	265	19603181	26210948
313	236	20135803	27090236
233	233	19397848	26796263
283	276	19846097	27173849
321	609	19068110	27148053
746	345	26532534	22910973
666	297	23321496	25576877
474	626	21253675	25643697
221	230	19802428	24161856
278	773	22743830	25475996
213	265	18813709	21901156
596	202	18586555	23101992
224	277	19334626	22851559
241	256	29810855	25599286
588	229	26346653	23549501
280	277	25758741	24587120
369	788	41815354	25919055
230	617	25716200	42658466
321	293	34900113	23836086
254	250	29328161	29209818
265	261	20217489	27928402
320	240	21605425	25021888
284	225	18296475	24006297
688	865	23930652	38590963
323	438	37689544	23600596
585	518	24003100	25314593
526	219	23017546	27481855
235	285	20276477	28971408
313	381	23800289	28663377
620	384	32811416	28280117
621	273	30257563	27300755
564	215	22466852	21272752
239	353	23588868	21042174
218	209	27578862	18098271
234	545	28023185	22006759
521	181	15396267	19690894
201	182	19847046	23904296
293	324	13486519	20978478
415	595	24062700	29291815
311	229	21508127	31647401
272	284	24348145	30168830
248	290	20307691	33176340
327	415	25754650	29641100
279	286	23592943	33209232
305	226	32531255	34092930
292	325	30937460	28119785
719	317	25652970	28317097
261	450	26965512	32440578
244	395	26873956	22896279
211	261	22297673	19873038
261	213	24010765	27743146
296	384	23233540	28489120
669	388	24858712	27547161
639	312	24254314	23809557
741	228	25398884	23393884
313	377	27817239	44484902
501	311	35576224	28890140
350	800	29999622	31655802
239	237	23161502	28349046
233	245	25675010	29917719
280	283	26745105	27534969
360	327	24835899	31464478
651	286	19563771	26321968
760	288	26600735	31309163
229	277	22106207	33363300
294	279	21697581	29305425
211	230	21550269	28523325
284	239	20086923	27272032
487	345	20785252	27618403
237	389	21854610	39672266
349	741	27749191	28690084
411	316	19447187	31631681
356	385	37212552	23956279
400	435	22308061	25687801
831	244	40242242	19654384
209	257	20156072	19644718
285	221	15161471	16981561
250	298	20918307	26381314
405	310	21742696	27093657
578	319	21304271	28243741
361	826	23784119	51505603
419	227	25828765	26797579
790	425	37659571	27805762
429	195	18010188	23473080
267	304	24004403	30832542
260	197	20018927	27005670
379	248	20799898	26754862
274	294	20605165	27096398
295	217	19147113	27414353
242	298	20055095	26059316
265	223	17979373	26710086
534	327	36792501	35887942
345	675	29994439	39136576
395	336	31619704	32689535
270	290	19979541	25984907
220	278	18085219	26346505
476	549	34425820	33067304
243	239	21158656	25363412
265	298	18082104	34035185
259	278	23110439	37014645
287	362	32278230	28062633
380	706	22639077	36063591
200	507	20544380	27371170
214	269	22615423	28234595
260	288	22492549	32253577
372	332	37188517	29668404
475	808	28792469	34109148
759	330	29277973	33157869
261	236	29615443	23813093
295	224	26962636	24449698
274	338	29943294	28711020
332	288	23677371	32887115
268	357	31585845	29109587
786	281	32245218	29719151
416	391	29249774	25955562
242	427	30538514	26895164
576	389	32085067	43731030
374	410	30327281	26504939
546	255	25674822	24293544
289	286	32686318	22805448
296	230	35911749	33679535
283	556	23040568	30899505
296	307	23614059	30623240
282	312	21124988	34443893
337	710	22980333	26314650
302	208	18407009	21619253
226	226	34569395	18391666
318	543	24216421	20235950
227	259	21341266	21439173
338	314	28200753	39643246
547	720	28550292	31337687
277	262	27029030	27345457
212	235	32878140	30586077
288	254	22036834	29849476
235	283	20927100	28793453
306	292	25601359	25008886
236	260	19392820	26230098
329	209	18019272	28558345
295	277	24258842	53576789
232	380	26151685	23849215
730	247	26252728	30476556
306	524	30318981	28980521
525	332	28988327	34971027
627	782	29613423	31242894
231	234	22718136	30663243
345	607	28433042	32431681
330	671	24996693	28713033
279	298	19513962	29878902
233	242	20547683	29132142
318	280	27063869	38584445
281	393	22761781	30116923
533	629	27513902	27666318
246	214	19198288	30564260
360	613	24909261	27615297
293	217	25344851	21204507
260	200	24930328	27106591
241	254	21076781	26938456
245	195	18030146	20878916
228	261	27195386	18165566
538	361	26288673	24905413
521	820	29500521	29421338
371	707	36585896	28245539
249	479	28875293	23825269
216	660	23869539	31899438
393	532	25418130	32388116
465	394	25124221	26359596
646	308	26175772	25155165
666	230	29067044	20975392
309	245	26832855	21427152
273	283	26760624	31248134
395	657	27388351	32533150
329	346	41851697	45345302
500	779	35403479	42827380
230	286	22766995	33987301
272	690	23697604	32424399
274	340	26474946	29885336
455	234	24578398	25915947
340	249	24325246	32916354
317	321	30353694	33437381
278	306	60243630	31995348
253	357	31896463	24000278
323	487	26376822	23765400
462	319	26191727	24039878
293	338	28953969	34011540
859	607	23275199	37281752
281	225	24173290	28855053
284	231	19832346	29251550
238	321	21725399	27850774
580	252	44399244	29158079
319	949	24120374	28997407
599	691	25280430	31749162
233	226	20799963	31920226
300	334	21214722	30129780
234	625	23663650	28241870
484	281	22735640	28010602
489	278	21837118	29795701
341	240	16626470	24938995
275	687	24560765	29380769
395	297	26007632	32053942
259	249	20216313	29780023
228	822	23027565	30083790
633	304	22365491	29071436
314	282	20987921	31023076
286	271	26494763	25804679
781	438	26247609	28587856
256	304	20424745	30091353
226	266	20468422	28845891
359	336	25334574	27420283
451	436	23862539	26721158
609	476	24523653	25977320
244	259	28793317	23249236
489	224	19205187	33194690
303	297	20939782	30144869
281	285	22723445	32155886
301	297	34662386	29353825
258	299	19163338	23397434
447	205	20823423	19314440
245	627	22252608	32874177
312	979	25832248	31894091
348	230	21204997	35781354
376	867	30184772	29043565
299	229	19434972	66055156
249	304	19837901	29361185
502	577	24917830	26710914
414	227	30271291	20745294
242	499	30211352	28408356
277	339	26970641	28867766
342	1505	26330102	37528829
228	329	24297058	27786117
351	291	20730127	25816356
298	313	29216435	24092203
575	517	32766579	44316527
241	251	21907870	30414557
239	270	23531923	32809698
283	304	22763008	40753249
470	334	34593362	25702959
484	237	24366671	43752333
249	345	29173985	29659343
585	293	30251411	22875146
240	246	29895454	28386609
316	481	25142095	26052377
737	297	31044330	33396804
325	850	38851552	34214875
337	731	27071850	26625276
796	851	28705871	27028926
693	319	23247804	29443815
301	784	23392309	30729055
571	248	26400562	36053031
294	752	25436076	29913289
513	279	27882159	35389089
282	335	23961152	25541395
338	297	30941301	25110280
317	431	26976626	25685578
553	724	33616215	29663643
364	586	25940873	25459285
301	280	29942014	25169319
312	288	25751653	36970243
309	259	30134358	24763850
318	256	27986872	29522347
271	262	25085229	37061283
308	324	34956326	31450869
347	395	30038622	34279402
370	619	26425170	34922885
292	319	34947108	27712039
270	334	27154266	26913419
695	524	26187508	26754613
686	418	22852228	27515575
505	862	35065401	38569843
504	366	35478856	39182867
415	358	36771023	38665319
534	927	35595361	34592913
386	801	24803543	30192550
313	338	21678758	40177553
340	262	32400571	25743888
236	493	22740619	40664346
335	384	30323349	40050689
427	819	24875775	31540078
415	280	32960388	29396569
352	354	34345064	33393012
346	475	41014643	28683843
261	329	20905220	29848390
236	264	29028013	22446016
249	733	27013891	24333904
434	239	22862743	21823725
217	355	16844673	23431844
221	299	25252671	25641511
527	482	35067666	32828728
300	295	29289160	27392937
232	160	17392962	16987648
